serial     = { 1.030748, 1.031009, 1.027788, 1.032606, 1.019484 };   avg = 1.028327
parallel_y = { 1.261044, 1.303040, 1.267680, 1.212914, 1.215516 };   avg = 1.2520388
parallel_x = { 6.335376, 5.366204, 6.999613, 6.571343, 6.571343 };   avg = 6.3687758
parallel   = { 1.504094, 1.651007, 1.460044, 1.446505, 1.561334 };   avg = 1.5245968


Notice differences in parallel_y output images, what does it indicate?
